0.000000	0.000000	0.000000
0.005294	-0.013188	0.000000
0.005222	-0.013829	0.000000
0.005133	-0.014494	0.000000
0.005026	-0.015183	0.000000
0.004901	-0.015897	0.000000
0.004754	-0.016637	0.000000
0.004586	-0.017403	0.000000
0.004394	-0.018197	0.000000
0.004179	-0.019016	0.000000
0.003936	-0.019865	0.000000
0.003666	-0.020741	0.000000
0.003365	-0.021646	0.000000
0.003034	-0.022581	0.000000
0.002668	-0.023545	0.000000
0.002268	-0.024540	0.000000
0.001829	-0.025565	0.000000
0.001352	-0.026621	0.000000
0.000833	-0.027709	0.000000
0.000269	-0.028828	0.000000
-0.000341	-0.029979	0.000000
-0.001001	-0.031162	0.000000
-0.001711	-0.032377	0.000000
-0.002477	-0.033625	0.000000
-0.003299	-0.034904	0.000000
-0.004183	-0.036217	0.000000
-0.005129	-0.037561	0.000000
-0.006142	-0.038938	0.000000
-0.007224	-0.040346	0.000000
-0.008381	-0.041786	0.000000
-0.009613	-0.043256	0.000000
-0.010927	-0.044758	0.000000
-0.012323	-0.046289	0.000000
-0.013808	-0.047849	0.000000
-0.015387	-0.049437	0.000000
-0.017060	-0.051052	0.000000
-0.018835	-0.052694	0.000000
-0.020713	-0.054359	0.000000
-0.022704	-0.056048	0.000000
-0.024806	-0.057759	0.000000
-0.027030	-0.059489	0.000000
-0.029375	-0.061236	0.000000
-0.031852	-0.062999	0.000000
-0.034461	-0.064775	0.000000
-0.037213	-0.066562	0.000000
-0.040106	-0.068355	0.000000
-0.043154	-0.070152	0.000000
-0.046355	-0.071951	0.000000
-0.049722	-0.073747	0.000000
-0.053254	-0.075535	0.000000
-0.056961	-0.077313	0.000000
-0.060852	-0.079074	0.000000
-0.064925	-0.080815	0.000000
-0.069195	-0.082529	0.000000
-0.073660	-0.084212	0.000000
-0.078336	-0.085856	0.000000
-0.083220	-0.087457	0.000000
-0.088328	-0.089005	0.000000
-0.093655	-0.090496	0.000000
-0.099221	-0.091919	0.000000
-0.105019	-0.093270	0.000000
-0.111069	-0.094536	0.000000
-0.117364	-0.095710	0.000000
-0.123924	-0.096780	0.000000
-0.130741	-0.097740	0.000000
-0.137832	-0.098576	0.000000
-0.145204	-0.099274	0.000000
-0.152851	-0.099829	0.000000
-0.160793	-0.100221	0.000000
-0.169023	-0.100446	0.000000
-0.177558	-0.100478	0.000000
-0.186389	-0.100314	0.000000
-0.195536	-0.099929	0.000000
-0.204987	-0.099318	0.000000
-0.214762	-0.098451	0.000000
-0.224848	-0.097328	0.000000
-0.235263	-0.095912	0.000000
-0.245993	-0.094202	0.000000
-0.257056	-0.092164	0.000000
-0.268435	-0.089793	0.000000
-0.280149	-0.087052	0.000000
-0.292176	-0.083937	0.000000
-0.304535	-0.080409	0.000000
-0.317201	-0.076463	0.000000
-0.330189	-0.072065	0.000000
-0.343488	-0.067185	0.000000
-0.357080	-0.061821	0.000000
-0.370978	-0.055922	0.000000
-0.385150	-0.049490	0.000000
-0.399606	-0.042471	0.000000
-0.414314	-0.034868	0.000000
-0.429282	-0.026625	0.000000
-0.444469	-0.017749	0.000000
-0.459883	-0.008179	0.000000
-0.475480	0.002077	0.000000
-0.491255	0.013071	0.000000
-0.507189	0.024829	0.000000
-0.523231	0.037350	0.000000
-0.539385	0.050696	0.000000
-0.555587	0.064854	0.000000
-0.571837	0.079888	0.000000
-0.588072	0.095776	0.000000
-0.604277	0.112592	0.000000
-0.620392	0.130300	0.000000
-0.636388	0.148977	0.000000
-0.652211	0.168583	0.000000
-0.667823	0.189194	0.000000
-0.683160	0.210760	0.000000
-0.698178	0.233360	0.000000
-0.712817	0.256934	0.000000
-0.727023	0.281559	0.000000
-0.740725	0.307166	0.000000
-0.753870	0.333832	0.000000
-0.766391	0.361473	0.000000
-0.778216	0.390143	0.000000
-0.789283	0.419836	0.000000
-0.799505	0.450468	0.000000
-0.808832	0.482112	0.000000
-0.817175	0.514650	0.000000
-0.824455	0.548152	0.000000
-0.830611	0.582483	0.000000
-0.835563	0.617709	0.000000
-0.839211	0.653679	0.000000
-0.841524	0.690456	0.000000
-0.842385	0.727871	0.000000
-0.841741	0.765981	0.000000
-0.839526	0.804604	0.000000
-0.835645	0.843789	0.000000
-0.830046	0.883332	0.000000
-0.822676	0.923253	0.000000
-0.813434	0.963463	0.000000
-0.802316	1.003771	0.000000
-0.789217	1.044217	0.000000
-0.774134	1.084558	0.000000
-0.756986	1.124835	0.000000
-0.737760	1.164785	0.000000
-0.716409	1.204458	0.000000
-0.692937	1.243573	0.000000
-0.667289	1.282173	0.000000
-0.639492	1.319975	0.000000
-0.609501	1.357025	0.000000
-0.577397	1.393030	0.000000
-0.543097	1.428039	0.000000
-0.506720	1.461752	0.000000
-0.468207	1.494228	0.000000
-0.427693	1.525164	0.000000
-0.385128	1.554623	0.000000
-0.340673	1.582308	0.000000
-0.294326	1.608257	0.000000
-0.246123	1.632337	0.000000
-0.196286	1.654335	0.000000
-0.144741	1.674328	0.000000
-0.091744	1.692039	0.000000
-0.037232	1.707563	0.000000
0.018506	1.720659	0.000000
0.075534	1.731423	0.000000
0.133553	1.739626	0.000000
0.192618	1.745369	0.000000
0.252411	1.748469	0.000000
0.312940	1.748998	0.000000
0.374070	1.746930	0.000000
0.435567	1.742170	0.000000
0.497299	1.734692	0.000000
0.559202	1.724599	0.000000
0.621172	1.711903	0.000000
0.682890	1.696473	0.000000
0.744440	1.678514	0.000000
0.805462	1.657901	0.000000
0.866053	1.634839	0.000000
0.925856	1.609195	0.000000
0.984992	1.581205	0.000000
1.043060	1.550787	0.000000
1.100242	1.518116	0.000000
1.156130	1.483176	0.000000
1.210919	1.446137	0.000000
1.264199	1.406991	0.000000
1.316118	1.365878	0.000000
1.366568	1.322960	0.000000
1.415350	1.278159	0.000000
1.462349	1.231699	0.000000
1.507669	1.183650	0.000000
1.551260	1.134146	0.000000
1.592894	1.083213	0.000000
1.632523	1.030986	0.000000
1.670262	0.977618	0.000000
1.706093	0.923144	0.000000
1.739717	0.867684	0.000000
1.771461	0.811362	0.000000
1.800948	0.754270	0.000000
1.828483	0.696486	0.000000
1.853873	0.638107	0.000000
1.877162	0.579258	0.000000
1.898352	0.519990	0.000000
1.917444	0.460435	0.000000
1.934453	0.400642	0.000000
1.949389	0.340722	0.000000
1.962271	0.280747	0.000000
1.973119	0.220772	0.000000
1.981956	0.160930	0.000000
1.988763	0.101228	0.000000
1.993752	0.041764	0.000000
1.996680	-0.017386	0.000000
1.997720	-0.076143	0.000000
1.996990	-0.134529	0.000000
1.994405	-0.192377	0.000000
1.990072	-0.249748	0.000000
1.983878	-0.306455	0.000000
1.976110	-0.362588	0.000000
1.966645	-0.418006	0.000000
1.955565	-0.472697	0.000000
1.942904	-0.526660	0.000000
1.928731	-0.579748	0.000000
1.913053	-0.632080	0.000000
1.895909	-0.683468	0.000000
1.877484	-0.734029	0.000000
1.857592	-0.783590	0.000000
1.836378	-0.832226	0.000000
1.814002	-0.879890	0.000000
1.790380	-0.926595	0.000000
1.765519	-0.972201	0.000000
1.739525	-1.016771	0.000000
1.712501	-1.060354	0.000000
1.684424	-1.102783	0.000000
1.655312	-1.144196	0.000000
1.625240	-1.184490	0.000000
1.594252	-1.223650	0.000000
1.562374	-1.261711	0.000000
1.529654	-1.298652	0.000000
1.496131	-1.334453	0.000000
1.461836	-1.369098	0.000000
1.426826	-1.402617	0.000000
1.391089	-1.434931	0.000000
1.354771	-1.466238	0.000000
1.317774	-1.496243	0.000000
1.280168	-1.525108	0.000000
1.242086	-1.552887	0.000000
1.203493	-1.579504	0.000000
1.164319	-1.604876	0.000000
1.124795	-1.629177	0.000000
1.084823	-1.652288	0.000000
1.044487	-1.674258	0.000000
1.003760	-1.695084	0.000000
0.962745	-1.714762	0.000000
0.921437	-1.733295	0.000000
0.879848	-1.750695	0.000000
0.838049	-1.766975	0.000000
0.796013	-1.782121	0.000000
0.753836	-1.796144	0.000000
0.711471	-1.809029	0.000000
0.669043	-1.820871	0.000000
0.626481	-1.831632	0.000000
0.583836	-1.841176	0.000000
0.541190	-1.849743	0.000000
0.498482	-1.857221	0.000000
0.455822	-1.863660	0.000000
0.413135	-1.868917	0.000000
0.370560	-1.873246	0.000000
0.328019	-1.876507	0.000000
0.285612	-1.878729	0.000000
0.243295	-1.879933	0.000000
0.201140	-1.880133	0.000000
0.159166	-1.879326	0.000000
0.117340	-1.877492	0.000000
0.075751	-1.874813	0.000000
0.034380	-1.871034	0.000000
-0.006726	-1.866344	0.000000
-0.047608	-1.860673	0.000000
-0.088153	-1.854152	0.000000
-0.128426	-1.846715	0.000000
-0.168356	-1.838241	0.000000
-0.207957	-1.829001	0.000000
-0.247180	-1.818838	0.000000
-0.286046	-1.807806	0.000000
-0.324499	-1.795919	0.000000
-0.362553	-1.783189	0.000000
-0.400159	-1.769632	0.000000
-0.437352	-1.755258	0.000000
-0.474062	-1.740085	0.000000
-0.510303	-1.724122	0.000000
-0.546062	-1.707388	0.000000
-0.581288	-1.689856	0.000000
-0.616052	-1.671700	0.000000
-0.650229	-1.652690	0.000000
-0.683846	-1.632977	0.000000
-0.716958	-1.612635	0.000000
-0.749462	-1.591569	0.000000
-0.781406	-1.569835	0.000000
-0.812727	-1.547449	0.000000
-0.843453	-1.524422	0.000000
-0.873556	-1.500777	0.000000
-0.903015	-1.476520	0.000000
-0.931830	-1.451638	0.000000
-0.960064	-1.426315	0.000000
-0.987501	-1.400240	0.000000
-1.014342	-1.373752	0.000000
-1.040505	-1.346701	0.000000
-1.065961	-1.319139	0.000000
-1.090681	-1.291062	0.000000
-1.114751	-1.262558	0.000000
-1.138079	-1.233575	0.000000
-1.160658	-1.204147	0.000000
-1.182565	-1.174307	0.000000
-1.203661	-1.144011	0.000000
-1.224028	-1.113351	0.000000
-1.243625	-1.082276	0.000000
-1.262502	-1.050920	0.000000
-1.280595	-1.019175	0.000000
-1.297917	-0.987102	0.000000
-1.314425	-0.954710	0.000000
-1.330197	-0.922073	0.000000
-1.345203	-0.889160	0.000000
-1.359341	-0.855946	0.000000
-1.372713	-0.822518	0.000000
-1.385294	-0.788860	0.000000
-1.397059	-0.755012	0.000000
-1.407999	-0.720937	0.000000
-1.418176	-0.686750	0.000000
-1.427516	-0.652392	0.000000
-1.436034	-0.617893	0.000000
-1.443782	-0.583276	0.000000
-1.450630	-0.548546	0.000000
-1.456664	-0.513733	0.000000
-1.461934	-0.478884	0.000000
-1.466347	-0.443980	0.000000
-1.469941	-0.409027	0.000000
-1.472709	-0.374080	0.000000
-1.474623	-0.339106	0.000000
-1.475769	-0.304180	0.000000
-1.476091	-0.269318	0.000000
-1.475531	-0.234462	0.000000
-1.474175	-0.199698	0.000000
-1.471997	-0.165038	0.000000
-1.468964	-0.130463	0.000000
-1.465180	-0.096027	0.000000
-1.460543	-0.061753	0.000000
-1.455092	-0.027618	0.000000
-1.448826	0.006334	0.000000
-1.441790	0.040091	0.000000
-1.433869	0.073630	0.000000
-1.425155	0.106946	0.000000
-1.415697	0.139989	0.000000
-1.405414	0.172786	0.000000
-1.394338	0.205283	0.000000
-1.382443	0.237507	0.000000
-1.369824	0.269374	0.000000
-1.356398	0.300919	0.000000
-1.342228	0.332121	0.000000
-1.327228	0.362917	0.000000
-1.311499	0.393328	0.000000
-1.295014	0.423347	0.000000
-1.277751	0.452911	0.000000
-1.259807	0.482048	0.000000
-1.241100	0.510695	0.000000
-1.221665	0.538888	0.000000
-1.201487	0.566534	0.000000
-1.180716	0.593704	0.000000
-1.159075	0.620273	0.000000
-1.136860	0.646324	0.000000
-1.113938	0.671783	0.000000
-1.090352	0.696633	0.000000
-1.066110	0.720867	0.000000
-1.041200	0.744461	0.000000
-1.015718	0.767394	0.000000
-0.989595	0.789644	0.000000
-0.962890	0.811225	0.000000
-0.935561	0.832037	0.000000
-0.907687	0.852135	0.000000
-0.879236	0.871467	0.000000
-0.850305	0.890035	0.000000
-0.820837	0.907799	0.000000
-0.790876	0.924740	0.000000
-0.760423	0.940838	0.000000
-0.729564	0.956103	0.000000
-0.698300	0.970507	0.000000
-0.666530	0.983956	0.000000
-0.634479	0.996537	0.000000
-0.602053	1.008176	0.000000
-0.569304	1.018885	0.000000
-0.536254	1.028596	0.000000
-0.502982	1.037373	0.000000
-0.469457	1.045138	0.000000
-0.435756	1.051882	0.000000
-0.401891	1.057642	0.000000
-0.367886	1.062307	0.000000
-0.333818	1.065971	0.000000
-0.299701	1.068564	0.000000
-0.265559	1.070090	0.000000
-0.231484	1.070556	0.000000
-0.197462	1.069933	0.000000
-0.163579	1.068237	0.000000
-0.129858	1.065437	0.000000
-0.096353	1.061611	0.000000
-0.063090	1.056612	0.000000
-0.030145	1.050587	0.000000
0.002464	1.043469	0.000000
0.034649	1.035296	0.000000
0.066397	1.026052	0.000000
0.097641	1.015779	0.000000
0.128349	1.004477	0.000000
0.158449	0.992143	0.000000
0.187908	0.978873	0.000000
0.216681	0.964554	0.000000
0.244709	0.949340	0.000000
0.271960	0.933199	0.000000
0.298368	0.916187	0.000000
0.323914	0.898314	0.000000
0.348547	0.879642	0.000000
0.372222	0.860181	0.000000
0.394892	0.840000	0.000000
0.416537	0.819143	0.000000
0.437142	0.797596	0.000000
0.456627	0.775485	0.000000
0.475009	0.752815	0.000000
0.492233	0.729664	0.000000
0.508303	0.706059	0.000000
0.523185	0.682080	0.000000
0.536874	0.657756	0.000000
0.549358	0.633170	0.000000
0.560614	0.608369	0.000000
0.570656	0.583382	0.000000
0.579486	0.558300	0.000000
0.587099	0.533181	0.000000
0.593508	0.508067	0.000000
0.598726	0.483013	0.000000
0.602772	0.458091	0.000000
0.605654	0.433334	0.000000
0.607412	0.408813	0.000000
0.608060	0.384575	0.000000
0.607620	0.360645	0.000000
0.606145	0.337092	0.000000
0.603657	0.313966	0.000000
0.600201	0.291289	0.000000
0.595815	0.269120	0.000000
0.590537	0.247479	0.000000
0.584420	0.226402	0.000000
0.577507	0.205929	0.000000
0.569839	0.186085	0.000000
0.561463	0.166876	0.000000
0.552441	0.148339	0.000000
0.542816	0.130495	0.000000
0.532634	0.113349	0.000000
0.521951	0.096921	0.000000
0.510813	0.081208	0.000000
0.499268	0.066231	0.000000
0.487370	0.051980	0.000000
0.475166	0.038462	0.000000
0.462689	0.025666	0.000000
0.449997	0.013594	0.000000
0.437131	0.002245	0.000000
0.424135	-0.008406	0.000000
0.411046	-0.018356	0.000000
0.397906	-0.027630	0.000000
0.384745	-0.036230	0.000000
0.371604	-0.044185	0.000000
0.358520	-0.051502	0.000000
0.345507	-0.058215	0.000000
0.332608	-0.064328	0.000000
0.319848	-0.069870	0.000000
0.307245	-0.074861	0.000000
0.294830	-0.079321	0.000000
0.282616	-0.083278	0.000000
0.270627	-0.086748	0.000000
0.258873	-0.089760	0.000000
0.247381	-0.092331	0.000000
0.236146	-0.094494	0.000000
0.225191	-0.096260	0.000000
0.214524	-0.097660	0.000000
0.204152	-0.098711	0.000000
0.194081	-0.099437	0.000000
0.184315	-0.099863	0.000000
0.174861	-0.100004	0.000000
0.165715	-0.099882	0.000000
0.156888	-0.099520	0.000000
0.148367	-0.098934	0.000000
0.140163	-0.098143	0.000000
0.132266	-0.097164	0.000000
0.124680	-0.096015	0.000000
0.117395	-0.094712	0.000000
0.110413	-0.093270	0.000000
0.103724	-0.091704	0.000000
0.097325	-0.090028	0.000000
0.091213	-0.088256	0.000000
0.085374	-0.086400	0.000000
0.079809	-0.084472	0.000000
0.074507	-0.082480	0.000000
0.069464	-0.080440	0.000000
0.064670	-0.078357	0.000000
0.060118	-0.076243	0.000000
0.055801	-0.074104	0.000000
0.051710	-0.071950	0.000000
0.047840	-0.069787	0.000000
0.044179	-0.067622	0.000000
0.040723	-0.065461	0.000000
0.037462	-0.063310	0.000000
0.034389	-0.061174	0.000000
0.031497	-0.059057	0.000000
0.028778	-0.056964	0.000000
0.026224	-0.054898	0.000000
0.023828	-0.052864	0.000000
0.021585	-0.050863	0.000000
0.019484	-0.048898	0.000000
0.017521	-0.046972	0.000000
0.015689	-0.045087	0.000000
0.013982	-0.043244	0.000000
0.012393	-0.041446	0.000000
0.010917	-0.039693	0.000000
0.009547	-0.037985	0.000000
0.008277	-0.036325	0.000000
0.007104	-0.034712	0.000000
0.006019	-0.033146	0.000000
0.005021	-0.031629	0.000000
0.004102	-0.030159	0.000000
0.003259	-0.028737	0.000000
0.002488	-0.027364	0.000000
0.001783	-0.026036	0.000000
0.001141	-0.024757	0.000000
0.000558	-0.023523	0.000000
0.000030	-0.022335	0.000000
-0.000446	-0.021191	0.000000
-0.000874	-0.020092	0.000000
-0.001257	-0.019036	0.000000
-0.001597	-0.018023	0.000000
-0.001899	-0.017051	0.000000
-0.002165	-0.016119	0.000000
-0.002396	-0.015227	0.000000
-0.002597	-0.014373	0.000000
-0.002768	-0.013557	0.000000
-0.002913	-0.012777	0.000000
-0.003033	-0.012032	0.000000
-0.003131	-0.011322	0.000000
-0.003208	-0.010644	0.000000
-0.003265	-0.009999	0.000000
-0.003306	-0.009385	0.000000
-0.003330	-0.008801	0.000000
-0.003340	-0.008246	0.000000
-0.003337	-0.007718	0.000000
-0.003322	-0.007218	0.000000
-0.003297	-0.006743	0.000000
-0.003262	-0.006293	0.000000
-0.003219	-0.005867	0.000000
-0.003168	-0.005464	0.000000
-0.003111	-0.005083	0.000000
-0.003048	-0.004723	0.000000
-0.002980	-0.004383	0.000000
-0.002907	-0.004062	0.000000
-0.002831	-0.003760	0.000000
-0.002752	-0.003476	0.000000
-0.002670	-0.003208	0.000000
-0.002587	-0.002956	0.000000
-0.002502	-0.002720	0.000000
-0.002416	-0.002498	0.000000
-0.002329	-0.002290	0.000000
-0.002242	-0.002096	0.000000
-0.002155	-0.001914	0.000000
-0.002069	-0.001744	0.000000
-0.001983	-0.001585	0.000000
-0.001898	-0.001437	0.000000
-0.001814	-0.001299	0.000000
-0.001731	-0.001171	0.000000
-0.001650	-0.001052	0.000000
-0.001570	-0.000941	0.000000
-0.001492	-0.000839	0.000000
-0.001415	-0.000744	0.000000
-0.001341	-0.000657	0.000000
-0.001268	-0.000576	0.000000
-0.001198	-0.000502	0.000000
-0.001130	-0.000434	0.000000
-0.001063	-0.000371	0.000000
-0.000999	-0.000314	0.000000
-0.000937	-0.000262	0.000000
-0.000878	-0.000214	0.000000
-0.000820	-0.000171	0.000000
-0.000765	-0.000132	0.000000
-0.000712	-0.000097	0.000000
-0.000661	-0.000065	0.000000
-0.000612	-0.000037	0.000000
-0.000565	-0.000012	0.000000
0.000000	0.000000	0.000000
0.000000	0.000000	0.000000
0.000000	0.000000	0.000000
0.000000	0.000000	0.000000
0.000000	0.000000	0.000000
0.000000	0.000000	0.000000
0.000000	0.000000	0.000000
0.000000	0.000000	0.000000
0.000000	0.000000	0.000000
0.000000	0.000000	0.000000
0.000000	0.000000	0.000000
0.000000	0.000000	0.000000
0.000000	0.000000	0.000000
0.000000	0.000000	0.000000
0.000000	0.000000	0.000000
0.000000	0.000000	0.000000
0.000000	0.000000	0.000000
0.000000	0.000000	0.000000
0.000000	0.000000	0.000000
-0.000000	-0.000000	0.000000
0.000000	0.000000	0.000000
0.000000	0.000000	0.000000
0.000000	0.000000	0.000000
0.000000	0.000000	0.000000
0.000000	0.000000	0.000000
0.000000	0.000000	0.000000
0.000000	0.000000	0.000000
0.000000	0.000000	0.000000
0.000000	0.000000	0.000000
0.000000	0.000000	0.000000
0.000000	0.000000	0.000000
0.000000	0.000000	0.000000
0.000000	0.000000	0.000000
0.000000	0.000000	0.000000
0.000000	0.000000	0.000000
0.000000	0.000000	0.000000
0.000000	0.000000	0.000000
0.000000	0.000000	0.000000
0.000000	0.000000	0.000000
-0.000565	-0.000012	0.000000
-0.000612	-0.000037	0.000000
-0.000661	-0.000065	0.000000
-0.000712	-0.000097	0.000000
-0.000765	-0.000132	0.000000
-0.000820	-0.000171	0.000000
-0.000878	-0.000214	0.000000
-0.000937	-0.000262	0.000000
-0.000999	-0.000314	0.000000
-0.001063	-0.000371	0.000000
-0.001130	-0.000434	0.000000
-0.001198	-0.000502	0.000000
-0.001268	-0.000576	0.000000
-0.001341	-0.000657	0.000000
-0.001415	-0.000744	0.000000
-0.001492	-0.000839	0.000000
-0.001570	-0.000941	0.000000
-0.001650	-0.001052	0.000000
-0.001731	-0.001171	0.000000
-0.001814	-0.001299	0.000000
-0.001898	-0.001437	0.000000
-0.001983	-0.001585	0.000000
-0.002069	-0.001744	0.000000
-0.002155	-0.001914	0.000000
-0.002242	-0.002096	0.000000
-0.002329	-0.002290	0.000000
-0.002416	-0.002498	0.000000
-0.002502	-0.002720	0.000000
-0.002587	-0.002956	0.000000
-0.002670	-0.003208	0.000000
-0.002752	-0.003476	0.000000
-0.002831	-0.003760	0.000000
-0.002907	-0.004062	0.000000
-0.002980	-0.004383	0.000000
-0.003048	-0.004723	0.000000
-0.003111	-0.005083	0.000000
-0.003168	-0.005464	0.000000
-0.003219	-0.005867	0.000000
-0.003262	-0.006293	0.000000
-0.003297	-0.006743	0.000000
-0.003322	-0.007218	0.000000
-0.003337	-0.007718	0.000000
-0.003340	-0.008246	0.000000
-0.003330	-0.008801	0.000000
-0.003306	-0.009385	0.000000
-0.003265	-0.009999	0.000000
-0.003208	-0.010644	0.000000
-0.003131	-0.011322	0.000000
-0.003033	-0.012032	0.000000
-0.002913	-0.012777	0.000000
-0.002768	-0.013557	0.000000
-0.002597	-0.014373	0.000000
-0.002396	-0.015227	0.000000
-0.002165	-0.016119	0.000000
-0.001899	-0.017051	0.000000
-0.001597	-0.018023	0.000000
-0.001257	-0.019036	0.000000
-0.000874	-0.020092	0.000000
-0.000446	-0.021191	0.000000
0.000030	-0.022335	0.000000
0.000558	-0.023523	0.000000
0.001141	-0.024757	0.000000
0.001783	-0.026036	0.000000
0.002488	-0.027364	0.000000
0.003259	-0.028737	0.000000
0.004102	-0.030159	0.000000
0.005021	-0.031629	0.000000
0.006019	-0.033146	0.000000
0.007104	-0.034712	0.000000
0.008277	-0.036325	0.000000
0.009547	-0.037985	0.000000
0.010917	-0.039693	0.000000
0.012393	-0.041446	0.000000
0.013982	-0.043244	0.000000
0.015690	-0.045087	0.000000
0.017521	-0.046972	0.000000
0.019484	-0.048898	0.000000
0.021584	-0.050863	0.000000
0.023828	-0.052864	0.000000
0.026224	-0.054898	0.000000
0.028777	-0.056964	0.000000
0.031497	-0.059057	0.000000
0.034389	-0.061174	0.000000
0.037462	-0.063310	0.000000
0.040722	-0.065461	0.000000
0.044179	-0.067622	0.000000
0.047840	-0.069787	0.000000
0.051711	-0.071950	0.000000
0.055801	-0.074104	0.000000
0.060118	-0.076243	0.000000
0.064670	-0.078357	0.000000
0.069463	-0.080440	0.000000
0.074508	-0.082480	0.000000
0.079809	-0.084472	0.000000
0.085374	-0.086400	0.000000
0.091212	-0.088256	0.000000
0.097325	-0.090028	0.000000
0.103723	-0.091705	0.000000
0.110413	-0.093270	0.000000
0.117396	-0.094711	0.000000
0.124679	-0.096015	0.000000
0.132266	-0.097164	0.000000
0.140163	-0.098143	0.000000
0.148368	-0.098934	0.000000
0.156888	-0.099520	0.000000
0.165716	-0.099882	0.000000
0.174861	-0.100004	0.000000
0.184315	-0.099864	0.000000
0.194080	-0.099437	0.000000
0.204153	-0.098711	0.000000
0.214525	-0.097659	0.000000
0.225191	-0.096260	0.000000
0.236145	-0.094495	0.000000
0.247383	-0.092331	0.000000
0.258873	-0.089761	0.000000
0.270627	-0.086748	0.000000
0.282618	-0.083277	0.000000
0.294830	-0.079322	0.000000
0.307245	-0.074862	0.000000
0.319847	-0.069870	0.000000
0.332608	-0.064328	0.000000
0.345508	-0.058214	0.000000
0.358519	-0.051504	0.000000
0.371605	-0.044184	0.000000
0.384745	-0.036230	0.000000
0.397905	-0.027632	0.000000
0.411047	-0.018356	0.000000
0.424136	-0.008404	0.000000
0.437130	0.002245	0.000000
0.449997	0.013592	0.000000
0.462689	0.025666	0.000000
0.475166	0.038462	0.000000
0.487370	0.051980	0.000000
0.499269	0.066231	0.000000
0.510814	0.081211	0.000000
0.521951	0.096921	0.000000
0.532632	0.113346	0.000000
0.542816	0.130495	0.000000
0.552442	0.148342	0.000000
0.561463	0.166876	0.000000
0.569839	0.186085	0.000000
0.577509	0.205929	0.000000
0.584418	0.226398	0.000000
0.590537	0.247479	0.000000
0.595815	0.269119	0.000000
0.600201	0.291294	0.000000
0.603657	0.313966	0.000000
0.606145	0.337087	0.000000
0.607620	0.360644	0.000000
0.608060	0.384575	0.000000
0.607412	0.408813	0.000000
0.605654	0.433339	0.000000
0.602772	0.458091	0.000000
0.598728	0.483008	0.000000
0.593507	0.508067	0.000000
0.587099	0.533181	0.000000
0.579486	0.558305	0.000000
0.570656	0.583383	0.000000
0.560614	0.608369	0.000000
0.549358	0.633170	0.000000
0.536875	0.657749	0.000000
0.523183	0.682080	0.000000
0.508303	0.706066	0.000000
0.492233	0.729664	0.000000
0.475010	0.752809	0.000000
0.456629	0.775486	0.000000
0.437138	0.797602	0.000000
0.416537	0.819137	0.000000
0.394895	0.839999	0.000000
0.372218	0.860189	0.000000
0.348544	0.879642	0.000000
0.323918	0.898305	0.000000
0.298371	0.916188	0.000000
0.271953	0.933205	0.000000
0.244709	0.949342	0.000000
0.216688	0.964547	0.000000
0.187901	0.978878	0.000000
0.158452	0.992134	0.000000
0.128353	1.004479	0.000000
0.097637	1.015779	0.000000
0.066397	1.026061	0.000000
0.034645	1.035298	0.000000
0.002467	1.043459	0.000000
-0.030142	1.050587	0.000000
-0.063093	1.056620	0.000000
-0.096349	1.061602	0.000000
-0.129865	1.065444	0.000000
-0.163579	1.068239	0.000000
-0.197455	1.069926	0.000000
-0.231481	1.070556	0.000000
-0.265570	1.070097	0.000000
-0.299701	1.068564	0.000000
-0.333818	1.065971	0.000000
-0.367879	1.062297	0.000000
-0.401891	1.057646	0.000000
-0.435753	1.051882	0.000000
-0.469460	1.045142	0.000000
-0.502979	1.037369	0.000000
-0.536256	1.028596	0.000000
-0.569302	1.018885	0.000000
-0.602053	1.008176	0.000000
-0.634476	0.996537	0.000000
-0.666533	0.983952	0.000000
-0.698302	0.970511	0.000000
-0.729564	0.956103	0.000000
-0.760421	0.940838	0.000000
-0.790874	0.924744	0.000000
-0.820837	0.907792	0.000000
-0.850305	0.890039	0.000000
-0.879237	0.871467	0.000000
-0.907685	0.852135	0.000000
-0.935561	0.832037	0.000000
-0.962890	0.811225	0.000000
-0.989595	0.789644	0.000000
-1.015718	0.767397	0.000000
-1.041200	0.744461	0.000000
-1.066110	0.720864	0.000000
-1.090352	0.696636	0.000000
-1.113938	0.671783	0.000000
-1.136860	0.646324	0.000000
-1.159075	0.620273	0.000000
-1.180715	0.593704	0.000000
-1.201488	0.566534	0.000000
-1.221665	0.538881	0.000000
-1.241099	0.510702	0.000000
-1.259807	0.482048	0.000000
-1.277751	0.452911	0.000000
-1.295014	0.423347	0.000000
-1.311499	0.393328	0.000000
-1.327228	0.362917	0.000000
-1.342228	0.332121	0.000000
-1.356398	0.300919	0.000000
-1.369825	0.269374	0.000000
-1.382442	0.237507	0.000000
-1.394338	0.205290	0.000000
-1.405414	0.172779	0.000000
-1.415729	0.139982	0.000000
-1.425155	0.106953	0.000000
-1.433840	0.073630	0.000000
-1.441788	0.040091	0.000000
-1.448860	0.006327	0.000000
-1.455061	-0.027611	0.000000
-1.460574	-0.061760	0.000000
-1.465146	-0.096020	0.000000
-1.468968	-0.130463	0.000000
-1.472027	-0.165045	0.000000
-1.474142	-0.199691	0.000000
-1.475563	-0.234476	0.000000
-1.476091	-0.269311	0.000000
-1.475741	-0.304166	0.000000
-1.474620	-0.339113	0.000000
-1.472741	-0.374087	0.000000
-1.469909	-0.409013	0.000000
-1.466378	-0.444001	0.000000
-1.461902	-0.478863	0.000000
-1.456664	-0.513733	0.000000
-1.450662	-0.548567	0.000000
-1.443778	-0.583276	0.000000
-1.436002	-0.617879	0.000000
-1.427547	-0.652399	0.000000
-1.418148	-0.686736	0.000000
-1.408002	-0.720937	0.000000
-1.397084	-0.755033	0.000000
-1.385269	-0.788835	0.000000
-1.372741	-0.822546	0.000000
-1.359317	-0.855918	0.000000
-1.345196	-0.889160	0.000000
-1.330229	-0.922101	0.000000
-1.314421	-0.954714	0.000000
-1.297893	-0.987071	0.000000
-1.280623	-1.019203	0.000000
-1.262474	-1.050892	0.000000
-1.243625	-1.082276	0.000000
-1.224049	-1.113379	0.000000
-1.203640	-1.143983	0.000000
-1.182565	-1.174307	0.000000
-1.160679	-1.204179	0.000000
-1.138058	-1.233540	0.000000
-1.114772	-1.262589	0.000000
-1.090681	-1.291065	0.000000
-1.065940	-1.319107	0.000000
-1.040519	-1.346736	0.000000
-1.014335	-1.373717	0.000000
-0.987501	-1.400240	0.000000
-0.960072	-1.426351	0.000000
-0.931837	-1.451638	0.000000
-0.902994	-1.476485	0.000000
-0.873570	-1.500812	0.000000
-0.843439	-1.524385	0.000000
-0.812748	-1.547487	0.000000
-0.781385	-1.569797	0.000000
-0.749483	-1.591609	0.000000
-0.716944	-1.612594	0.000000
-0.683839	-1.632977	0.000000
-0.650243	-1.652731	0.000000
-0.616045	-1.671698	0.000000
-0.581288	-1.689858	0.000000
-0.546055	-1.707347	0.000000
-0.510317	-1.724164	0.000000
-0.474048	-1.740042	0.000000
-0.437359	-1.755299	0.000000
-0.400159	-1.769590	0.000000
-0.362553	-1.783231	0.000000
-0.324499	-1.795877	0.000000
-0.286046	-1.807848	0.000000
-0.247180	-1.818796	0.000000
-0.207950	-1.829043	0.000000
-0.168363	-1.838241	0.000000
-0.128426	-1.846714	0.000000
-0.088153	-1.854109	0.000000
-0.047608	-1.860673	0.000000
-0.006726	-1.866388	0.000000
0.034373	-1.870992	0.000000
0.075758	-1.874812	0.000000
0.117340	-1.877492	0.000000
0.159173	-1.879368	0.000000
0.201126	-1.880091	0.000000
0.243309	-1.879977	0.000000
0.285605	-1.878686	0.000000
0.328026	-1.876551	0.000000
0.370553	-1.873205	0.000000
0.413128	-1.868917	0.000000
0.455822	-1.863657	0.000000
0.498503	-1.857263	0.000000
0.541169	-1.849701	0.000000
0.583836	-1.841176	0.000000
0.626481	-1.831636	0.000000
0.669064	-1.820910	0.000000
0.711471	-1.809029	0.000000
0.753815	-1.796105	0.000000
0.796041	-1.782159	0.000000
0.838014	-1.766933	0.000000
0.879876	-1.750737	0.000000
0.921416	-1.733253	0.000000
0.962766	-1.714797	0.000000
1.003739	-1.695052	0.000000
1.044508	-1.674296	0.000000
1.084802	-1.652253	0.000000
1.124830	-1.629212	0.000000
1.164312	-1.604869	0.000000
1.203493	-1.579504	0.000000
1.242058	-1.552859	0.000000
1.280175	-1.525108	0.000000
1.317795	-1.496278	0.000000
1.354771	-1.466231	0.000000
1.391089	-1.434931	0.000000
1.426792	-1.402589	0.000000
1.461885	-1.369126	0.000000
1.496082	-1.334425	0.000000
1.529692	-1.298673	0.000000
1.562339	-1.261697	0.000000
1.594290	-1.223671	0.000000
1.625201	-1.184462	0.000000
1.655343	-1.144217	0.000000
1.684393	-1.102769	0.000000
1.712540	-1.060375	0.000000
1.739525	-1.016764	0.000000
1.765477	-0.972180	0.000000
1.790380	-0.926595	0.000000
1.814044	-0.879904	0.000000
1.836378	-0.832226	0.000000
1.857554	-0.783583	0.000000
1.877484	-0.734022	0.000000
1.895905	-0.683468	0.000000
1.913098	-0.632094	0.000000
1.928685	-0.579741	0.000000
1.942950	-0.526667	0.000000
1.955520	-0.472683	0.000000
1.966689	-0.418020	0.000000
1.976066	-0.362574	0.000000
1.983878	-0.306462	0.000000
1.990072	-0.249748	0.000000
1.994451	-0.192384	0.000000
1.996945	-0.134515	0.000000
1.997720	-0.076150	0.000000
1.996724	-0.017393	0.000000
1.993753	0.041771	0.000000
1.988762	0.101221	0.000000
1.981911	0.160937	0.000000
1.973164	0.220772	0.000000
1.962226	0.280747	0.000000
1.949434	0.340722	0.000000
1.934407	0.400642	0.000000
1.917489	0.460435	0.000000
1.898307	0.519990	0.000000
1.877205	0.579258	0.000000
1.853830	0.638107	0.000000
1.828525	0.696486	0.000000
1.800950	0.754270	0.000000
1.771458	0.811362	0.000000
1.739719	0.867691	0.000000
1.706093	0.923144	0.000000
1.670260	0.977618	0.000000
1.632521	1.030986	0.000000
1.592896	1.083213	0.000000
1.551258	1.134146	0.000000
1.507669	1.183657	0.000000
1.462347	1.231692	0.000000
1.415353	1.278159	0.000000
1.366564	1.322960	0.000000
1.316122	1.365885	0.000000
1.264196	1.406998	0.000000
1.210919	1.446130	0.000000
1.156130	1.483176	0.000000
1.100242	1.518116	0.000000
1.043060	1.550787	0.000000
0.984985	1.581205	0.000000
0.925863	1.609195	0.000000
0.866049	1.634839	0.000000
0.805465	1.657901	0.000000
0.744437	1.678514	0.000000
0.682887	1.696473	0.000000
0.621172	1.711899	0.000000
0.559202	1.724606	0.000000
0.497299	1.734688	0.000000
0.435567	1.742170	0.000000
0.374073	1.746933	0.000000
0.312936	1.748998	0.000000
0.252408	1.748469	0.000000
0.192622	1.745365	0.000000
0.133546	1.739630	0.000000
0.075538	1.731420	0.000000
0.018502	1.720662	0.000000
-0.037232	1.707563	0.000000
-0.091744	1.692039	0.000000
-0.144741	1.674325	0.000000
-0.196286	1.654335	0.000000
-0.246123	1.632334	0.000000
-0.294329	1.608260	0.000000
-0.340670	1.582311	0.000000
-0.385128	1.554621	0.000000
-0.427693	1.525162	0.000000
-0.468211	1.494228	0.000000
-0.506723	1.461752	0.000000
-0.543094	1.428037	0.000000
-0.577397	1.393031	0.000000
-0.609505	1.357025	0.000000
-0.639489	1.319975	0.000000
-0.667293	1.282173	0.000000
-0.692937	1.243571	0.000000
-0.716409	1.204458	0.000000
-0.737760	1.164785	0.000000
-0.756986	1.124836	0.000000
-0.774134	1.084557	0.000000
-0.789217	1.044216	0.000000
-0.802312	1.003771	0.000000
-0.813441	0.963463	0.000000
-0.822672	0.923253	0.000000
-0.830046	0.883331	0.000000
-0.835649	0.843789	0.000000
-0.839526	0.804603	0.000000
-0.841741	0.765981	0.000000
-0.842385	0.727871	0.000000
-0.841524	0.690456	0.000000
-0.839211	0.653678	0.000000
-0.835563	0.617708	0.000000
-0.830611	0.582482	0.000000
-0.824455	0.548151	0.000000
-0.817176	0.514650	0.000000
-0.808830	0.482112	0.000000
-0.799505	0.450468	0.000000
-0.789283	0.419836	0.000000
-0.778218	0.390143	0.000000
-0.766389	0.361473	0.000000
-0.753871	0.333832	0.000000
-0.740725	0.307166	0.000000
-0.727023	0.281559	0.000000
-0.712817	0.256934	0.000000
-0.698176	0.233360	0.000000
-0.683161	0.210760	0.000000
-0.667823	0.189193	0.000000
-0.652211	0.168583	0.000000
-0.636388	0.148977	0.000000
-0.620392	0.130299	0.000000
-0.604277	0.112591	0.000000
-0.588072	0.095776	0.000000
-0.571837	0.079888	0.000000
-0.555587	0.064854	0.000000
-0.539385	0.050696	0.000000
-0.523232	0.037350	0.000000
-0.507188	0.024828	0.000000
-0.491255	0.013070	0.000000
-0.475480	0.002077	0.000000
-0.459883	-0.008179	0.000000
-0.444469	-0.017750	0.000000
-0.429282	-0.026626	0.000000
-0.414314	-0.034868	0.000000
-0.399606	-0.042470	0.000000
-0.385150	-0.049491	0.000000
-0.370977	-0.055922	0.000000
-0.357081	-0.061821	0.000000
-0.343488	-0.067185	0.000000
-0.330189	-0.072066	0.000000
-0.317200	-0.076463	0.000000
-0.304535	-0.080409	0.000000
-0.292176	-0.083937	0.000000
-0.280149	-0.087052	0.000000
-0.268435	-0.089793	0.000000
-0.257056	-0.092164	0.000000
-0.245993	-0.094202	0.000000
-0.235263	-0.095912	0.000000
-0.224848	-0.097327	0.000000
-0.214762	-0.098451	0.000000
-0.204988	-0.099318	0.000000
-0.195536	-0.099929	0.000000
-0.186389	-0.100314	0.000000
-0.177558	-0.100478	0.000000
-0.169023	-0.100446	0.000000
-0.160793	-0.100221	0.000000
-0.152851	-0.099829	0.000000
-0.145204	-0.099274	0.000000
-0.137832	-0.098576	0.000000
-0.130741	-0.097740	0.000000
-0.123924	-0.096780	0.000000
-0.117364	-0.095710	0.000000
-0.111069	-0.094536	0.000000
-0.105019	-0.093270	0.000000
-0.099221	-0.091920	0.000000
-0.093655	-0.090496	0.000000
-0.088328	-0.089005	0.000000
-0.083220	-0.087457	0.000000
-0.078336	-0.085856	0.000000
-0.073660	-0.084212	0.000000
-0.069195	-0.082529	0.000000
-0.064925	-0.080815	0.000000
-0.060852	-0.079074	0.000000
-0.056961	-0.077313	0.000000
-0.053253	-0.075535	0.000000
-0.049722	-0.073747	0.000000
-0.046355	-0.071951	0.000000
-0.043154	-0.070153	0.000000
-0.040106	-0.068355	0.000000
-0.037213	-0.066562	0.000000
-0.034461	-0.064775	0.000000
-0.031852	-0.063000	0.000000
-0.029375	-0.061236	0.000000
-0.027030	-0.059489	0.000000
-0.024806	-0.057759	0.000000
-0.022704	-0.056049	0.000000
-0.020713	-0.054359	0.000000
-0.018835	-0.052694	0.000000
-0.017060	-0.051052	0.000000
-0.015387	-0.049437	0.000000
-0.013808	-0.047849	0.000000
-0.012323	-0.046289	0.000000
-0.010927	-0.044758	0.000000
-0.009613	-0.043256	0.000000
-0.008381	-0.041786	0.000000
-0.007224	-0.040346	0.000000
-0.006142	-0.038938	0.000000
-0.005129	-0.037561	0.000000
-0.004183	-0.036217	0.000000
-0.003299	-0.034904	0.000000
-0.002477	-0.033625	0.000000
-0.001711	-0.032377	0.000000
-0.001001	-0.031162	0.000000
-0.000341	-0.029978	0.000000
0.000269	-0.028828	0.000000
0.000833	-0.027709	0.000000
0.001352	-0.026621	0.000000
0.001829	-0.025565	0.000000
0.002268	-0.024540	0.000000
0.002668	-0.023545	0.000000
0.003034	-0.022581	0.000000
0.003365	-0.021646	0.000000
0.003666	-0.020741	0.000000
0.003936	-0.019865	0.000000
0.004179	-0.019017	0.000000
0.004394	-0.018197	0.000000
0.004586	-0.017403	0.000000
0.004754	-0.016638	0.000000
0.004901	-0.015897	0.000000
0.005026	-0.015183	0.000000
0.005133	-0.014494	0.000000
0.005222	-0.013829	0.000000
0.005294	-0.013188	0.000000
