0.005324	11.868238	0.000000
0.005539	11.847634	0.000000
0.005762	11.827029	0.000000
0.005994	11.806425	0.000000
0.006236	11.785820	0.000000
0.006487	11.765216	0.000000
0.006748	11.744611	0.000000
0.007020	11.724007	0.000000
0.007303	11.703402	0.000000
0.007597	11.682797	0.000000
0.007903	11.662192	0.000000
0.008221	11.641588	0.000000
0.008551	11.620983	0.000000
0.008895	11.600379	0.000000
0.009253	11.579774	0.000000
0.009625	11.559170	0.000000
0.010012	11.538565	0.000000
0.010414	11.517961	0.000000
0.010832	11.497356	0.000000
0.011267	11.476751	0.000000
0.011720	11.456147	0.000000
0.012190	11.435542	0.000000
0.012680	11.414938	0.000000
0.013188	11.394333	0.000000
0.013717	11.373729	0.000000
0.014267	11.353124	0.000000
0.014839	11.332520	0.000000
0.015434	11.311914	0.000000
0.016052	11.291310	0.000000
0.016695	11.270705	0.000000
0.017363	11.250101	0.000000
0.018058	11.229496	0.000000
0.018780	11.208892	0.000000
0.019531	11.188288	0.000000
0.020311	11.167683	0.000000
0.021123	11.147079	0.000000
0.021966	11.126473	0.000000
0.022843	11.105869	0.000000
0.023754	11.085264	0.000000
0.024701	11.064660	0.000000
0.025686	11.044055	0.000000
0.026709	11.023451	0.000000
0.027772	11.002846	0.000000
0.028877	10.982242	0.000000
0.030026	10.961637	0.000000
0.031219	10.941032	0.000000
0.032459	10.920427	0.000000
0.033748	10.899823	0.000000
0.035086	10.879218	0.000000
0.036477	10.858614	0.000000
0.037922	10.838010	0.000000
0.039423	10.817405	0.000000
0.040983	10.796801	0.000000
0.042602	10.776196	0.000000
0.044285	10.755591	0.000000
0.046032	10.734986	0.000000
0.047847	10.714382	0.000000
0.049731	10.693777	0.000000
0.051688	10.673173	0.000000
0.053720	10.652568	0.000000
0.055829	10.631964	0.000000
0.058019	10.611359	0.000000
0.060293	10.590755	0.000000
0.062652	10.570149	0.000000
0.065102	10.549545	0.000000
0.067643	10.528941	0.000000
0.070281	10.508336	0.000000
0.073018	10.487732	0.000000
0.075857	10.467127	0.000000
0.078803	10.446523	0.000000
0.081858	10.425918	0.000000
0.085027	10.405313	0.000000
0.088314	10.384708	0.000000
0.091721	10.364104	0.000000
0.095254	10.343499	0.000000
0.098917	10.322895	0.000000
0.102713	10.302290	0.000000
0.106647	10.281686	0.000000
0.110724	10.261081	0.000000
0.114948	10.240477	0.000000
0.119323	10.219872	0.000000
0.123854	10.199267	0.000000
0.128547	10.178662	0.000000
0.133405	10.158058	0.000000
0.138435	10.137454	0.000000
0.143640	10.116849	0.000000
0.149026	10.096245	0.000000
0.154598	10.075640	0.000000
0.160362	10.055036	0.000000
0.166322	10.034431	0.000000
0.172484	10.013826	0.000000
0.178853	9.993221	0.000000
0.185435	9.972617	0.000000
0.192235	9.952012	0.000000
0.199258	9.931408	0.000000
0.206510	9.910804	0.000000
0.213996	9.890199	0.000000
0.221721	9.869595	0.000000
0.229692	9.848989	0.000000
0.237911	9.828385	0.000000
0.246386	9.807780	0.000000
0.255121	9.787176	0.000000
0.264121	9.766571	0.000000
0.273391	9.745967	0.000000
0.282935	9.725362	0.000000
0.292757	9.704758	0.000000
0.302862	9.684153	0.000000
0.313255	9.663548	0.000000
0.323937	9.642943	0.000000
0.334914	9.622339	0.000000
0.346188	9.601734	0.000000
0.357763	9.581130	0.000000
0.369639	9.560525	0.000000
0.381820	9.539921	0.000000
0.394307	9.519317	0.000000
0.407102	9.498712	0.000000
0.420204	9.478107	0.000000
0.433615	9.457502	0.000000
0.447334	9.436898	0.000000
0.461360	9.416293	0.000000
0.475692	9.395689	0.000000
0.490327	9.375084	0.000000
0.505264	9.354480	0.000000
0.520498	9.333875	0.000000
0.536025	9.313271	0.000000
0.551842	9.292665	0.000000
0.567942	9.272061	0.000000
0.584319	9.251456	0.000000
0.600967	9.230852	0.000000
0.617878	9.210248	0.000000
0.635043	9.189643	0.000000
0.652454	9.169039	0.000000
0.670100	9.148434	0.000000
0.687971	9.127830	0.000000
0.706055	9.107224	0.000000
0.724341	9.086620	0.000000
0.742815	9.066015	0.000000
0.761464	9.045411	0.000000
0.780274	9.024806	0.000000
0.799231	9.004202	0.000000
0.818318	8.983597	0.000000
0.837519	8.962993	0.000000
0.856819	8.942388	0.000000
0.876200	8.921783	0.000000
0.895646	8.901178	0.000000
0.915137	8.880574	0.000000
0.934656	8.859969	0.000000
0.954185	8.839365	0.000000
0.973705	8.818761	0.000000
0.993198	8.798156	0.000000
1.012644	8.777552	0.000000
1.032025	8.756947	0.000000
1.051322	8.736342	0.000000
1.070516	8.715737	0.000000
1.089590	8.695133	0.000000
1.108525	8.674528	0.000000
1.127302	8.653924	0.000000
1.145904	8.633319	0.000000
1.164315	8.612715	0.000000
1.182517	8.592111	0.000000
1.200495	8.571506	0.000000
1.218232	8.550900	0.000000
1.235714	8.530296	0.000000
1.252926	8.509692	0.000000
1.269855	8.489087	0.000000
1.286489	8.468483	0.000000
1.302814	8.447878	0.000000
1.318819	8.427274	0.000000
1.334494	8.406669	0.000000
1.349830	8.386065	0.000000
1.364816	8.365459	0.000000
1.379447	8.344855	0.000000
1.393712	8.324250	0.000000
1.407608	8.303646	0.000000
1.421127	8.283041	0.000000
1.434266	8.262437	0.000000
1.447019	8.241833	0.000000
1.459386	8.221228	0.000000
1.471361	8.200623	0.000000
1.482944	8.180018	0.000000
1.494135	8.159414	0.000000
1.504932	8.138809	0.000000
1.515336	8.118204	0.000000
1.525349	8.097600	0.000000
1.534972	8.076996	0.000000
1.544207	8.056391	0.000000
1.553056	8.035787	0.000000
1.561524	8.015182	0.000000
1.569614	7.994577	0.000000
1.577330	7.973973	0.000000
1.584677	7.953368	0.000000
1.591660	7.932764	0.000000
1.598284	7.912159	0.000000
1.604554	7.891554	0.000000
1.610478	7.870950	0.000000
1.616060	7.850345	0.000000
1.621307	7.829741	0.000000
1.626226	7.809136	0.000000
1.630824	7.788531	0.000000
1.635106	7.767927	0.000000
1.639082	7.747322	0.000000
1.642756	7.726717	0.000000
1.646138	7.706113	0.000000
1.649233	7.685509	0.000000
1.652049	7.664904	0.000000
1.654593	7.644299	0.000000
1.656873	7.623695	0.000000
1.658895	7.603090	0.000000
1.660667	7.582486	0.000000
1.662196	7.561881	0.000000
1.663488	7.541276	0.000000
1.664551	7.520672	0.000000
1.665392	7.500067	0.000000
1.666018	7.479463	0.000000
1.666434	7.458858	0.000000
1.666649	7.438253	0.000000
1.666667	7.417649	0.000000
1.666495	7.397045	0.000000
1.666140	7.376440	0.000000
1.665608	7.355835	0.000000
1.664904	7.335231	0.000000
1.664035	7.314626	0.000000
1.663006	7.294022	0.000000
1.661822	7.273417	0.000000
1.660488	7.252812	0.000000
1.659011	7.232208	0.000000
1.657395	7.211603	0.000000
1.655646	7.190999	0.000000
1.653766	7.170394	0.000000
1.651763	7.149789	0.000000
1.649640	7.129185	0.000000
1.647401	7.108581	0.000000
1.645050	7.087976	0.000000
1.642593	7.067371	0.000000
1.640032	7.046767	0.000000
1.637371	7.026162	0.000000
1.634615	7.005557	0.000000
1.631767	6.984953	0.000000
1.628830	6.964348	0.000000
1.625808	6.943744	0.000000
1.622704	6.923139	0.000000
1.619520	6.902534	0.000000
1.616261	6.881930	0.000000
1.612929	6.861325	0.000000
1.609526	6.840721	0.000000
1.606056	6.820116	0.000000
1.602520	6.799511	0.000000
1.598922	6.778907	0.000000
1.595264	6.758303	0.000000
1.591548	6.737698	0.000000
1.587776	6.717093	0.000000
1.583951	6.696489	0.000000
1.580074	6.675884	0.000000
1.576147	6.655280	0.000000
1.572173	6.634675	0.000000
1.568153	6.614070	0.000000
1.564088	6.593466	0.000000
1.559981	6.572861	0.000000
1.555833	6.552257	0.000000
1.551645	6.531652	0.000000
1.547419	6.511047	0.000000
1.543157	6.490443	0.000000
1.538859	6.469839	0.000000
1.534527	6.449234	0.000000
1.530162	6.428629	0.000000
1.525766	6.408024	0.000000
1.521338	6.387420	0.000000
1.516881	6.366816	0.000000
1.512395	6.346210	0.000000
1.507881	6.325606	0.000000
1.503340	6.305002	0.000000
1.498774	6.284397	0.000000
1.494182	6.263793	0.000000
1.489565	6.243188	0.000000
1.484925	6.222583	0.000000
1.480261	6.201979	0.000000
1.475575	6.181374	0.000000
1.470867	6.160769	0.000000
1.466137	6.140165	0.000000
1.461387	6.119560	0.000000
1.456616	6.098956	0.000000
1.451825	6.078351	0.000000
1.447015	6.057746	0.000000
1.442185	6.037142	0.000000
1.437337	6.016538	0.000000
1.432470	5.995933	0.000000
1.427585	5.975328	0.000000
1.422681	5.954724	0.000000
1.417760	5.934119	0.000000
1.412821	5.913515	0.000000
1.407865	5.892910	0.000000
1.402892	5.872306	0.000000
1.397901	5.851700	0.000000
1.392893	5.831096	0.000000
1.387868	5.810492	0.000000
1.382826	5.789887	0.000000
1.377766	5.769282	0.000000
1.372690	5.748678	0.000000
1.367597	5.728074	0.000000
1.362486	5.707469	0.000000
1.357358	5.686864	0.000000
1.352212	5.666259	0.000000
1.347049	5.645655	0.000000
1.341868	5.625050	0.000000
1.336669	5.604446	0.000000
1.331452	5.583841	0.000000
1.326216	5.563237	0.000000
1.320961	5.542632	0.000000
1.315688	5.522028	0.000000
1.310395	5.501423	0.000000
1.305081	5.480818	0.000000
1.299748	5.460214	0.000000
1.294395	5.439609	0.000000
1.289020	5.419004	0.000000
1.283623	5.398400	0.000000
1.278205	5.377796	0.000000
1.272764	5.357191	0.000000
1.267300	5.336586	0.000000
1.261813	5.315982	0.000000
1.256301	5.295377	0.000000
1.250764	5.274772	0.000000
1.245202	5.254168	0.000000
1.239614	5.233563	0.000000
1.233998	5.212959	0.000000
1.228356	5.192354	0.000000
1.222684	5.171750	0.000000
1.216984	5.151145	0.000000
1.211253	5.130541	0.000000
1.205492	5.109936	0.000000
1.199699	5.089331	0.000000
1.193873	5.068727	0.000000
1.188013	5.048122	0.000000
1.182119	5.027518	0.000000
1.176189	5.006913	0.000000
1.170223	4.986309	0.000000
1.164219	4.965704	0.000000
1.158176	4.945099	0.000000
1.152093	4.924494	0.000000
1.145969	4.903890	0.000000
1.139803	4.883286	0.000000
1.133593	4.862681	0.000000
1.127339	4.842076	0.000000
1.121038	4.821472	0.000000
1.114690	4.800868	0.000000
1.108294	4.780263	0.000000
1.101847	4.759658	0.000000
1.095349	4.739053	0.000000
1.088799	4.718449	0.000000
1.082194	4.697844	0.000000
1.075533	4.677239	0.000000
1.068816	4.656635	0.000000
1.062039	4.636031	0.000000
1.055203	4.615426	0.000000
1.048305	4.594821	0.000000
1.041343	4.574217	0.000000
1.034317	4.553612	0.000000
1.027225	4.533008	0.000000
1.020064	4.512403	0.000000
1.012835	4.491798	0.000000
1.005534	4.471194	0.000000
0.998161	4.450589	0.000000
0.990713	4.429985	0.000000
0.983190	4.409380	0.000000
0.975590	4.388776	0.000000
0.967911	4.368171	0.000000
0.960152	4.347566	0.000000
0.952311	4.326962	0.000000
0.944388	4.306357	0.000000
0.936380	4.285753	0.000000
0.928287	4.265148	0.000000
0.920106	4.244544	0.000000
0.911838	4.223939	0.000000
0.903481	4.203335	0.000000
0.895033	4.182729	0.000000
0.886494	4.162125	0.000000
0.877864	4.141521	0.000000
0.869141	4.120916	0.000000
0.860324	4.100311	0.000000
0.851414	4.079707	0.000000
0.842410	4.059103	0.000000
0.833311	4.038498	0.000000
0.824118	4.017893	0.000000
0.814830	3.997288	0.000000
0.805449	3.976684	0.000000
0.795974	3.956079	0.000000
0.786405	3.935475	0.000000
0.776745	3.914870	0.000000
0.766993	3.894266	0.000000
0.757151	3.873661	0.000000
0.747221	3.853057	0.000000
0.737204	3.832452	0.000000
0.727101	3.811847	0.000000
0.716917	3.791243	0.000000
0.706651	3.770638	0.000000
0.696308	3.750034	0.000000
0.685891	3.729429	0.000000
0.675402	3.708825	0.000000
0.664844	3.688220	0.000000
0.654223	3.667615	0.000000
0.643541	3.647011	0.000000
0.632802	3.626406	0.000000
0.622013	3.605801	0.000000
0.611177	3.585197	0.000000
0.600298	3.564592	0.000000
0.589384	3.543988	0.000000
0.578439	3.523383	0.000000
0.567468	3.502779	0.000000
0.556478	3.482174	0.000000
0.545475	3.461570	0.000000
0.534466	3.440964	0.000000
0.523456	3.420360	0.000000
0.512453	3.399755	0.000000
0.501464	3.379151	0.000000
0.490495	3.358546	0.000000
0.479554	3.337942	0.000000
0.468647	3.317338	0.000000
0.457782	3.296733	0.000000
0.446966	3.276129	0.000000
0.436207	3.255523	0.000000
0.425511	3.234919	0.000000
0.414886	3.214314	0.000000
0.404339	3.193710	0.000000
0.393877	3.173105	0.000000
0.383507	3.152501	0.000000
0.373235	3.131896	0.000000
0.363068	3.111292	0.000000
0.353014	3.090687	0.000000
0.343077	3.070082	0.000000
0.333264	3.049478	0.000000
0.323580	3.028873	0.000000
0.314032	3.008269	0.000000
0.304624	2.987664	0.000000
0.295362	2.967060	0.000000
0.286249	2.946455	0.000000
0.277291	2.925851	0.000000
0.268490	2.905246	0.000000
0.259852	2.884641	0.000000
0.251379	2.864036	0.000000
0.243073	2.843432	0.000000
0.234939	2.822827	0.000000
0.226977	2.802223	0.000000
0.219190	2.781618	0.000000
0.211580	2.761014	0.000000
0.204147	2.740409	0.000000
0.196893	2.719805	0.000000
0.189817	2.699200	0.000000
0.182921	2.678595	0.000000
0.176205	2.657991	0.000000
0.169667	2.637386	0.000000
0.163308	2.616782	0.000000
0.157125	2.596177	0.000000
0.151120	2.575573	0.000000
0.145288	2.554968	0.000000
0.139630	2.534364	0.000000
0.134144	2.513758	0.000000
0.128826	2.493154	0.000000
0.123675	2.472549	0.000000
0.118689	2.451945	0.000000
0.113865	2.431340	0.000000
0.109200	2.410736	0.000000
0.104691	2.390131	0.000000
0.100336	2.369527	0.000000
0.096131	2.348922	0.000000
0.092073	2.328317	0.000000
0.088158	2.307713	0.000000
0.084385	2.287108	0.000000
0.080748	2.266504	0.000000
0.077245	2.245899	0.000000
0.073873	2.225295	0.000000
0.070627	2.204690	0.000000
0.067505	2.184086	0.000000
0.064503	2.163481	0.000000
0.061618	2.142876	0.000000
0.058846	2.122272	0.000000
0.056183	2.101667	0.000000
0.053627	2.081063	0.000000
0.051173	2.060458	0.000000
0.048820	2.039854	0.000000
0.046562	2.019249	0.000000
0.044398	1.998644	0.000000
0.042325	1.978040	0.000000
0.040337	1.957435	0.000000
0.038434	1.936830	0.000000
0.036612	1.916226	0.000000
0.034868	1.895621	0.000000
0.033199	1.875017	0.000000
0.031603	1.854412	0.000000
0.030076	1.833808	0.000000
0.028616	1.813203	0.000000
0.027221	1.792599	0.000000
0.025887	1.771994	0.000000
0.024614	1.751389	0.000000
0.023397	1.730785	0.000000
0.022236	1.710180	0.000000
0.021127	1.689576	0.000000
0.020069	1.668971	0.000000
0.019060	1.648367	0.000000
0.018097	1.627762	0.000000
0.017178	1.607157	0.000000
0.016303	1.586552	0.000000
0.015468	1.565948	0.000000
0.014672	1.545343	0.000000
0.013915	1.524739	0.000000
0.013193	1.504134	0.000000
0.012505	1.483530	0.000000
0.011850	1.462925	0.000000
0.011227	1.442321	0.000000
0.010634	1.421716	0.000000
0.010069	1.401111	0.000000
0.009532	1.380507	0.000000
0.009021	1.359902	0.000000
0.008535	1.339298	0.000000
0.008073	1.318693	0.000000
0.007634	1.298089	0.000000
0.007217	1.277484	0.000000
0.006820	1.256880	0.000000
0.006443	1.236275	0.000000
0.006085	1.215670	0.000000
0.005746	1.195065	0.000000
0.005423	1.174461	0.000000
0.005117	1.153856	0.000000
0.004826	1.133252	0.000000
0.004550	1.112647	0.000000
0.004289	1.092043	0.000000
0.004041	1.071438	0.000000
0.003805	1.050834	0.000000
0.003582	1.030229	0.000000
0.003371	1.009624	0.000000
0.003170	0.989020	0.000000
0.002981	0.968415	0.000000
0.002801	0.947811	0.000000
0.002631	0.927206	0.000000
0.002470	0.906602	0.000000
0.002317	0.885997	0.000000
0.002173	0.865393	0.000000
0.002036	0.844787	0.000000
0.001907	0.824183	0.000000
0.001785	0.803578	0.000000
0.001670	0.782974	0.000000
0.001561	0.762369	0.000000
0.001458	0.741765	0.000000
0.001360	0.721160	0.000000
0.001269	0.700556	0.000000
0.001182	0.679951	0.000000
0.001100	0.659346	0.000000
0.001023	0.638742	0.000000
0.000950	0.618137	0.000000
0.000882	0.597533	0.000000
0.000817	0.576928	0.000000
0.000756	0.556324	0.000000
0.000699	0.535719	0.000000
0.000645	0.515115	0.000000
0.000595	0.494510	0.000000
0.000547	0.473905	0.000000
0.000502	0.453300	0.000000
0.000460	0.432696	0.000000
0.000421	0.412091	0.000000
0.000383	0.391487	0.000000
0.000349	0.370882	0.000000
0.000316	0.350278	0.000000
0.000285	0.329673	0.000000
0.000257	0.309069	0.000000
0.000230	0.288464	0.000000
0.000205	0.267859	0.000000
0.000182	0.247255	0.000000
0.000160	0.226650	0.000000
0.000139	0.206046	0.000000
0.000120	0.185441	0.000000
0.000103	0.164837	0.000000
0.000086	0.144232	0.000000
0.000071	0.123628	0.000000
0.000057	0.103023	0.000000
0.000044	0.082418	0.000000
0.000031	0.061814	0.000000
0.000020	0.041209	0.000000
0.000010	0.020605	0.000000
0.000000	0.000000	0.000000
0.000000	0.000000	0.000000
0.000000	0.000000	0.000000
0.000000	0.000000	0.000000
0.000000	0.000000	0.000000
0.000000	0.000000	0.000000
0.000000	0.000000	0.000000
0.000000	0.000000	0.000000
0.000000	0.000000	0.000000
0.000000	0.000000	0.000000
0.000000	0.000000	0.000000
0.000000	0.000000	0.000000
0.000000	0.000000	0.000000
0.000000	0.000000	0.000000
0.000000	0.000000	0.000000
0.000000	0.000000	0.000000
0.000000	0.000000	0.000000
0.000000	0.000000	0.000000
0.000000	0.000000	0.000000
0.000000	0.000000	0.000000
0.000000	3.141593	0.000000
0.000000	3.141593	0.000000
0.000000	3.141593	0.000000
0.000000	3.141593	0.000000
0.000000	3.141593	0.000000
0.000000	3.141593	0.000000
0.000000	3.141593	0.000000
0.000000	3.141593	0.000000
0.000000	3.141593	0.000000
0.000000	3.141593	0.000000
0.000000	3.141593	0.000000
0.000000	3.141593	0.000000
0.000000	3.141593	0.000000
0.000000	3.141593	0.000000
0.000000	3.141593	0.000000
0.000000	3.141593	0.000000
0.000000	3.141593	0.000000
0.000000	3.141593	0.000000
0.000000	3.141593	0.000000
0.000000	3.141593	0.000000
0.000010	3.162197	0.000000
0.000020	3.182802	0.000000
0.000031	3.203406	0.000000
0.000044	3.224011	0.000000
0.000057	3.244615	0.000000
0.000071	3.265220	0.000000
0.000086	3.285825	0.000000
0.000103	3.306429	0.000000
0.000120	3.327034	0.000000
0.000139	3.347638	0.000000
0.000160	3.368243	0.000000
0.000182	3.388847	0.000000
0.000205	3.409452	0.000000
0.000230	3.430056	0.000000
0.000257	3.450662	0.000000
0.000285	3.471266	0.000000
0.000316	3.491871	0.000000
0.000349	3.512475	0.000000
0.000383	3.533080	0.000000
0.000421	3.553684	0.000000
0.000460	3.574289	0.000000
0.000502	3.594893	0.000000
0.000547	3.615498	0.000000
0.000595	3.636103	0.000000
0.000645	3.656707	0.000000
0.000699	3.677312	0.000000
0.000756	3.697916	0.000000
0.000817	3.718521	0.000000
0.000882	3.739125	0.000000
0.000950	3.759730	0.000000
0.001023	3.780334	0.000000
0.001100	3.800939	0.000000
0.001182	3.821544	0.000000
0.001269	3.842149	0.000000
0.001360	3.862753	0.000000
0.001458	3.883358	0.000000
0.001561	3.903962	0.000000
0.001670	3.924567	0.000000
0.001785	3.945171	0.000000
0.001907	3.965775	0.000000
0.002036	3.986380	0.000000
0.002173	4.006985	0.000000
0.002317	4.027590	0.000000
0.002470	4.048194	0.000000
0.002631	4.068799	0.000000
0.002801	4.089403	0.000000
0.002981	4.110008	0.000000
0.003170	4.130612	0.000000
0.003371	4.151217	0.000000
0.003582	4.171821	0.000000
0.003805	4.192427	0.000000
0.004041	4.213031	0.000000
0.004289	4.233635	0.000000
0.004550	4.254240	0.000000
0.004826	4.274845	0.000000
0.005117	4.295449	0.000000
0.005423	4.316053	0.000000
0.005746	4.336658	0.000000
0.006085	4.357263	0.000000
0.006443	4.377868	0.000000
0.006820	4.398472	0.000000
0.007217	4.419077	0.000000
0.007634	4.439681	0.000000
0.008073	4.460286	0.000000
0.008535	4.480890	0.000000
0.009021	4.501495	0.000000
0.009532	4.522099	0.000000
0.010069	4.542704	0.000000
0.010634	4.563309	0.000000
0.011227	4.583913	0.000000
0.011850	4.604518	0.000000
0.012505	4.625123	0.000000
0.013193	4.645727	0.000000
0.013915	4.666331	0.000000
0.014672	4.686936	0.000000
0.015468	4.707541	0.000000
0.016303	4.728145	0.000000
0.017178	4.748750	0.000000
0.018097	4.769355	0.000000
0.019060	4.789959	0.000000
0.020069	4.810564	0.000000
0.021127	4.831168	0.000000
0.022236	4.851773	0.000000
0.023397	4.872377	0.000000
0.024614	4.892982	0.000000
0.025887	4.913586	0.000000
0.027221	4.934191	0.000000
0.028616	4.954796	0.000000
0.030076	4.975400	0.000000
0.031603	4.996005	0.000000
0.033199	5.016610	0.000000
0.034868	5.037214	0.000000
0.036612	5.057818	0.000000
0.038434	5.078423	0.000000
0.040337	5.099028	0.000000
0.042325	5.119633	0.000000
0.044398	5.140237	0.000000
0.046562	5.160841	0.000000
0.048820	5.181446	0.000000
0.051173	5.202051	0.000000
0.053627	5.222655	0.000000
0.056183	5.243259	0.000000
0.058846	5.263864	0.000000
0.061618	5.284469	0.000000
0.064503	5.305074	0.000000
0.067505	5.325678	0.000000
0.070627	5.346283	0.000000
0.073873	5.366887	0.000000
0.077245	5.387492	0.000000
0.080748	5.408096	0.000000
0.084385	5.428701	0.000000
0.088158	5.449306	0.000000
0.092073	5.469910	0.000000
0.096131	5.490515	0.000000
0.100336	5.511119	0.000000
0.104691	5.531724	0.000000
0.109200	5.552329	0.000000
0.113865	5.572933	0.000000
0.118689	5.593537	0.000000
0.123675	5.614142	0.000000
0.128826	5.634747	0.000000
0.134144	5.655351	0.000000
0.139630	5.675956	0.000000
0.145288	5.696561	0.000000
0.151120	5.717165	0.000000
0.157125	5.737770	0.000000
0.163308	5.758374	0.000000
0.169667	5.778979	0.000000
0.176205	5.799583	0.000000
0.182921	5.820188	0.000000
0.189817	5.840792	0.000000
0.196893	5.861397	0.000000
0.204147	5.882002	0.000000
0.211580	5.902606	0.000000
0.219190	5.923211	0.000000
0.226977	5.943816	0.000000
0.234939	5.964420	0.000000
0.243073	5.985024	0.000000
0.251379	6.005629	0.000000
0.259852	6.026234	0.000000
0.268490	6.046839	0.000000
0.277291	6.067443	0.000000
0.286249	6.088048	0.000000
0.295362	6.108652	0.000000
0.304624	6.129257	0.000000
0.314032	6.149861	0.000000
0.323580	6.170466	0.000000
0.333264	6.191070	0.000000
0.343077	6.211675	0.000000
0.353014	6.232280	0.000000
0.363068	6.252884	0.000000
0.373235	6.273489	0.000000
0.383507	6.294094	0.000000
0.393877	6.314698	0.000000
0.404339	6.335302	0.000000
0.414886	6.355907	0.000000
0.425511	6.376512	0.000000
0.436207	6.397116	0.000000
0.446966	6.417721	0.000000
0.457782	6.438326	0.000000
0.468647	6.458930	0.000000
0.479554	6.479535	0.000000
0.490495	6.500139	0.000000
0.501464	6.520744	0.000000
0.512453	6.541348	0.000000
0.523456	6.561953	0.000000
0.534466	6.582557	0.000000
0.545475	6.603162	0.000000
0.556478	6.623767	0.000000
0.567468	6.644372	0.000000
0.578439	6.664976	0.000000
0.589384	6.685580	0.000000
0.600298	6.706185	0.000000
0.611177	6.726789	0.000000
0.622013	6.747394	0.000000
0.632802	6.767998	0.000000
0.643541	6.788604	0.000000
0.654223	6.809208	0.000000
0.664844	6.829813	0.000000
0.675402	6.850417	0.000000
0.685891	6.871022	0.000000
0.696308	6.891626	0.000000
0.706651	6.912230	0.000000
0.716917	6.932835	0.000000
0.727101	6.953440	0.000000
0.737204	6.974045	0.000000
0.747221	6.994649	0.000000
0.757151	7.015254	0.000000
0.766993	7.035858	0.000000
0.776745	7.056463	0.000000
0.786405	7.077067	0.000000
0.795974	7.097672	0.000000
0.805449	7.118277	0.000000
0.814830	7.138881	0.000000
0.824118	7.159486	0.000000
0.833311	7.180090	0.000000
0.842410	7.200695	0.000000
0.851414	7.221300	0.000000
0.860324	7.241904	0.000000
0.869141	7.262508	0.000000
0.877864	7.283113	0.000000
0.886494	7.303718	0.000000
0.895033	7.324322	0.000000
0.903481	7.344927	0.000000
0.911838	7.365532	0.000000
0.920106	7.386136	0.000000
0.928287	7.406741	0.000000
0.936380	7.427345	0.000000
0.944388	7.447950	0.000000
0.952311	7.468554	0.000000
0.960152	7.489159	0.000000
0.967911	7.509763	0.000000
0.975590	7.530368	0.000000
0.983190	7.550973	0.000000
0.990713	7.571578	0.000000
0.998161	7.592182	0.000000
1.005534	7.612786	0.000000
1.012835	7.633391	0.000000
1.020064	7.653996	0.000000
1.027225	7.674600	0.000000
1.034317	7.695204	0.000000
1.041343	7.715810	0.000000
1.048305	7.736414	0.000000
1.055203	7.757019	0.000000
1.062039	7.777623	0.000000
1.068816	7.798228	0.000000
1.075533	7.818832	0.000000
1.082194	7.839437	0.000000
1.088799	7.860041	0.000000
1.095349	7.880646	0.000000
1.101847	7.901251	0.000000
1.108294	7.921855	0.000000
1.114690	7.942460	0.000000
1.121038	7.963064	0.000000
1.127339	7.983669	0.000000
1.133593	8.004273	0.000000
1.139803	8.024879	0.000000
1.145969	8.045483	0.000000
1.152093	8.066087	0.000000
1.158176	8.086692	0.000000
1.164219	8.107297	0.000000
1.170223	8.127901	0.000000
1.176189	8.148506	0.000000
1.182119	8.169110	0.000000
1.188013	8.189714	0.000000
1.193873	8.210320	0.000000
1.199699	8.230924	0.000000
1.205492	8.251529	0.000000
1.211253	8.272134	0.000000
1.216984	8.292738	0.000000
1.222684	8.313342	0.000000
1.228356	8.333947	0.000000
1.233998	8.354551	0.000000
1.239614	8.375156	0.000000
1.245202	8.395761	0.000000
1.250764	8.416365	0.000000
1.256301	8.436970	0.000000
1.261813	8.457575	0.000000
1.267300	8.478179	0.000000
1.272764	8.498784	0.000000
1.278205	8.519388	0.000000
1.283623	8.539992	0.000000
1.289020	8.560597	0.000000
1.294395	8.581202	0.000000
1.299748	8.601807	0.000000
1.305081	8.622411	0.000000
1.310395	8.643016	0.000000
1.315688	8.663621	0.000000
1.320961	8.684225	0.000000
1.326216	8.704829	0.000000
1.331452	8.725434	0.000000
1.336669	8.746038	0.000000
1.341868	8.766643	0.000000
1.347049	8.787248	0.000000
1.352212	8.807852	0.000000
1.357358	8.828457	0.000000
1.362486	8.849062	0.000000
1.367597	8.869666	0.000000
1.372690	8.890271	0.000000
1.377766	8.910875	0.000000
1.382826	8.931479	0.000000
1.387868	8.952085	0.000000
1.392893	8.972689	0.000000
1.397901	8.993293	0.000000
1.402892	9.013899	0.000000
1.407865	9.034503	0.000000
1.412821	9.055107	0.000000
1.417760	9.075712	0.000000
1.422681	9.096316	0.000000
1.427585	9.116921	0.000000
1.432470	9.137526	0.000000
1.437337	9.158131	0.000000
1.442185	9.178735	0.000000
1.447015	9.199339	0.000000
1.451825	9.219944	0.000000
1.456616	9.240549	0.000000
1.461387	9.261153	0.000000
1.466137	9.281757	0.000000
1.470867	9.302362	0.000000
1.475575	9.322967	0.000000
1.480261	9.343572	0.000000
1.484925	9.364176	0.000000
1.489565	9.384781	0.000000
1.494182	9.405385	0.000000
1.498774	9.425990	0.000000
1.503340	9.446594	0.000000
1.507881	9.467199	0.000000
1.512395	9.487803	0.000000
1.516881	9.508409	0.000000
1.521338	9.529013	0.000000
1.525766	9.549617	0.000000
1.530162	9.570222	0.000000
1.534527	9.590826	0.000000
1.538859	9.611431	0.000000
1.543157	9.632035	0.000000
1.547419	9.652640	0.000000
1.551645	9.673244	0.000000
1.555833	9.693850	0.000000
1.559981	9.714454	0.000000
1.564088	9.735059	0.000000
1.568153	9.755663	0.000000
1.572173	9.776267	0.000000
1.576147	9.796872	0.000000
1.580074	9.817477	0.000000
1.583951	9.838081	0.000000
1.587776	9.858685	0.000000
1.591548	9.879291	0.000000
1.595264	9.899896	0.000000
1.598922	9.920500	0.000000
1.602520	9.941104	0.000000
1.606056	9.961709	0.000000
1.609526	9.982313	0.000000
1.612929	10.002918	0.000000
1.616261	10.023522	0.000000
1.619520	10.044127	0.000000
1.622704	10.064732	0.000000
1.625808	10.085337	0.000000
1.628830	10.105941	0.000000
1.631767	10.126546	0.000000
1.634615	10.147150	0.000000
1.637371	10.167755	0.000000
1.640032	10.188359	0.000000
1.642593	10.208963	0.000000
1.645050	10.229568	0.000000
1.647401	10.250174	0.000000
1.649640	10.270778	0.000000
1.651763	10.291382	0.000000
1.653766	10.311987	0.000000
1.655646	10.332591	0.000000
1.657395	10.353196	0.000000
1.659011	10.373800	0.000000
1.660488	10.394405	0.000000
1.661822	10.415009	0.000000
1.663006	10.435615	0.000000
1.664035	10.456219	0.000000
1.664904	10.476824	0.000000
1.665608	10.497428	0.000000
1.666140	10.518032	0.000000
1.666495	10.538637	0.000000
1.666667	10.559242	0.000000
1.666649	10.579846	0.000000
1.666434	10.600451	0.000000
1.666018	10.621056	0.000000
1.665392	10.641660	0.000000
1.664551	10.662265	0.000000
1.663488	10.682869	0.000000
1.662196	10.703474	0.000000
1.660667	10.724078	0.000000
1.658895	10.744683	0.000000
1.656873	10.765287	0.000000
1.654593	10.785892	0.000000
1.652049	10.806497	0.000000
1.649233	10.827102	0.000000
1.646138	10.847706	0.000000
1.642756	10.868310	0.000000
1.639082	10.888915	0.000000
1.635106	10.909520	0.000000
1.630824	10.930124	0.000000
1.626226	10.950728	0.000000
1.621307	10.971334	0.000000
1.616060	10.991938	0.000000
1.610478	11.012543	0.000000
1.604554	11.033147	0.000000
1.598284	11.053752	0.000000
1.591660	11.074356	0.000000
1.584677	11.094961	0.000000
1.577330	11.115565	0.000000
1.569614	11.136170	0.000000
1.561524	11.156775	0.000000
1.553056	11.177380	0.000000
1.544207	11.197984	0.000000
1.534972	11.218589	0.000000
1.525349	11.239193	0.000000
1.515336	11.259797	0.000000
1.504932	11.280402	0.000000
1.494135	11.301007	0.000000
1.482944	11.321611	0.000000
1.471361	11.342216	0.000000
1.459386	11.362821	0.000000
1.447019	11.383426	0.000000
1.434266	11.404030	0.000000
1.421127	11.424634	0.000000
1.407608	11.445239	0.000000
1.393712	11.465843	0.000000
1.379447	11.486448	0.000000
1.364816	11.507052	0.000000
1.349830	11.527658	0.000000
1.334494	11.548262	0.000000
1.318819	11.568867	0.000000
1.302814	11.589471	0.000000
1.286489	11.610076	0.000000
1.269855	11.630680	0.000000
1.252926	11.651285	0.000000
1.235714	11.671889	0.000000
1.218232	11.692493	0.000000
1.200495	11.713099	0.000000
1.182517	11.733704	0.000000
1.164315	11.754308	0.000000
1.145904	11.774912	0.000000
1.127302	11.795517	0.000000
1.108525	11.816121	0.000000
1.089590	11.836726	0.000000
1.070516	11.857330	0.000000
1.051322	11.877935	0.000000
1.032025	11.898540	0.000000
1.012644	11.919145	0.000000
0.993198	11.939749	0.000000
0.973705	11.960354	0.000000
0.954185	11.980958	0.000000
0.934656	12.001562	0.000000
0.915137	12.022167	0.000000
0.895646	12.042771	0.000000
0.876200	12.063376	0.000000
0.856819	12.083981	0.000000
0.837519	12.104586	0.000000
0.818318	12.125190	0.000000
0.799231	12.145795	0.000000
0.780274	12.166399	0.000000
0.761464	12.187004	0.000000
0.742815	12.207608	0.000000
0.724341	12.228213	0.000000
0.706055	12.248817	0.000000
0.687971	12.269423	0.000000
0.670100	12.290027	0.000000
0.652454	12.310632	0.000000
0.635043	12.331236	0.000000
0.617878	12.351841	0.000000
0.600967	12.372445	0.000000
0.584319	12.393049	0.000000
0.567942	12.413654	0.000000
0.551842	12.434258	0.000000
0.536025	12.454864	0.000000
0.520498	12.475468	0.000000
0.505264	12.496073	0.000000
0.490327	12.516677	0.000000
0.475692	12.537282	0.000000
0.461360	12.557886	0.000000
0.447334	12.578491	0.000000
0.433615	12.599095	0.000000
0.420204	12.619700	0.000000
0.407102	12.640305	0.000000
0.394307	12.660910	0.000000
0.381820	12.681514	0.000000
0.369639	12.702118	0.000000
0.357763	12.722723	0.000000
0.346188	12.743327	0.000000
0.334914	12.763932	0.000000
0.323937	12.784536	0.000000
0.313255	12.805141	0.000000
0.302862	12.825746	0.000000
0.292757	12.846351	0.000000
0.282935	12.866955	0.000000
0.273391	12.887560	0.000000
0.264121	12.908164	0.000000
0.255121	12.928769	0.000000
0.246386	12.949373	0.000000
0.237911	12.969978	0.000000
0.229692	12.990582	0.000000
0.221721	13.011188	0.000000
0.213996	13.031792	0.000000
0.206510	13.052397	0.000000
0.199258	13.073001	0.000000
0.192235	13.093605	0.000000
0.185435	13.114210	0.000000
0.178853	13.134814	0.000000
0.172484	13.155419	0.000000
0.166322	13.176023	0.000000
0.160362	13.196629	0.000000
0.154598	13.217233	0.000000
0.149026	13.237838	0.000000
0.143640	13.258442	0.000000
0.138435	13.279047	0.000000
0.133405	13.299651	0.000000
0.128547	13.320255	0.000000
0.123854	13.340860	0.000000
0.119323	13.361465	0.000000
0.114948	13.382070	0.000000
0.110724	13.402674	0.000000
0.106647	13.423279	0.000000
0.102713	13.443883	0.000000
0.098917	13.464488	0.000000
0.095254	13.485092	0.000000
0.091721	13.505697	0.000000
0.088314	13.526301	0.000000
0.085027	13.546906	0.000000
0.081858	13.567511	0.000000
0.078803	13.588116	0.000000
0.075857	13.608720	0.000000
0.073018	13.629325	0.000000
0.070281	13.649929	0.000000
0.067643	13.670534	0.000000
0.065102	13.691138	0.000000
0.062652	13.711742	0.000000
0.060293	13.732347	0.000000
0.058019	13.752952	0.000000
0.055829	13.773557	0.000000
0.053720	13.794161	0.000000
0.051688	13.814766	0.000000
0.049731	13.835370	0.000000
0.047847	13.855975	0.000000
0.046032	13.876579	0.000000
0.044285	13.897184	0.000000
0.042602	13.917789	0.000000
0.040983	13.938394	0.000000
0.039423	13.958998	0.000000
0.037922	13.979603	0.000000
0.036477	14.000207	0.000000
0.035086	14.020811	0.000000
0.033748	14.041416	0.000000
0.032459	14.062020	0.000000
0.031219	14.082625	0.000000
0.030026	14.103230	0.000000
0.028877	14.123835	0.000000
0.027772	14.144439	0.000000
0.026709	14.165044	0.000000
0.025686	14.185648	0.000000
0.024701	14.206253	0.000000
0.023754	14.226857	0.000000
0.022843	14.247462	0.000000
0.021966	14.268066	0.000000
0.021123	14.288671	0.000000
0.020311	14.309276	0.000000
0.019531	14.329881	0.000000
0.018780	14.350485	0.000000
0.018058	14.371089	0.000000
0.017363	14.391694	0.000000
0.016695	14.412298	0.000000
0.016052	14.432903	0.000000
0.015434	14.453507	0.000000
0.014839	14.474113	0.000000
0.014267	14.494717	0.000000
0.013717	14.515322	0.000000
0.013188	14.535926	0.000000
0.012680	14.556531	0.000000
0.012190	14.577135	0.000000
0.011720	14.597740	0.000000
0.011267	14.618344	0.000000
0.010832	14.638949	0.000000
0.010414	14.659554	0.000000
0.010012	14.680158	0.000000
0.009625	14.700763	0.000000
0.009253	14.721367	0.000000
0.008895	14.741972	0.000000
0.008551	14.762576	0.000000
0.008221	14.783181	0.000000
0.007903	14.803785	0.000000
0.007597	14.824390	0.000000
0.007303	14.844995	0.000000
0.007020	14.865600	0.000000
0.006748	14.886204	0.000000
0.006487	14.906809	0.000000
0.006236	14.927413	0.000000
0.005994	14.948018	0.000000
0.005762	14.968622	0.000000
0.005539	14.989227	0.000000
0.005324	15.009831	0.000000
